46 43 44
43 46 42
48 1 59
1 48 0
49 38 42
38 49 36
1 55 2
55 1 0
48 59 41
49 50 54
50 49 40
2 59 1
59 2 60
2 55 54
3 60 2
60 3 4
3 2 54
53 50 51
50 53 54
60 4 5
4 3 54
5 61 60
61 5 6
5 4 54
5 54 53
61 6 7
6 5 53
45 25 26
25 45 44
61 7 8
7 6 53
24 44 23
44 24 25
61 9 10
9 61 8
8 7 52
12 52 13
52 12 11
61 10 62
9 8 52
44 45 46
62 10 11
10 9 52
62 11 12
11 10 52
62 12 13
52 15 14
15 52 46
62 13 14
15 46 16
62 15 16
15 62 14
14 13 52
52 7 53
62 16 63
43 42 39
38 36 37
17 57 56
57 17 36
36 48 41
48 36 49
18 38 37
38 18 19
65 18 56
18 65 19
17 18 37
18 17 56
20 38 19
38 20 21
35 20 19
20 35 34
32 28 31
28 32 33
33 32 20
21 42 38
42 21 39
21 20 32
43 21 30
21 43 39
22 23 44
23 22 27
33 20 34
23 35 66
35 23 27
16 46 45
24 23 67
64 63 25
25 63 26
25 24 67
64 25 67
16 45 63
63 45 26
27 22 28
32 31 21
27 28 33
28 22 29
29 22 43
31 30 21
30 31 29
28 29 31
29 43 30
27 33 34
27 34 35
67 23 66
35 19 65
36 17 37
58 41 59
41 58 36
58 57 36
22 44 43
49 54 55
40 42 47
42 40 49
42 46 47
47 50 40
50 47 51
47 46 51
0 48 55
48 49 55
52 53 51
51 46 52
35 65 66
