-0.8000 0.0339 -0.8557
-0.7955 0.1062 -0.8711
-0.7593 0.2011 -0.8871
-0.7006 0.2734 -0.8835
-0.5966 0.3593 -0.8138
-0.5153 0.4226 -0.6631
-0.3797 0.4633 -0.4768
-0.2215 0.4949 -0.2967
-0.0633 0.5085 -0.2114
0.0497 0.5085 -0.3033
0.1944 0.4904 -0.4839
0.2893 0.4588 -0.6684
0.4294 0.4045 -0.8159
0.5514 0.3141 -0.8807
0.6508 0.2192 -0.8824
0.7367 0.0881 -0.8666
0.8000 -0.0339 -0.8501
-1.2655 -1.0508 -0.0738
-0.9853 -1.1277 0.0527
-0.7684 -1.1232 0.1346
-0.5876 -1.0599 0.1808
-0.4520 -0.9198 0.1918
-0.2531 -0.9017 0.1986
0.0181 -0.9379 0.1886
0.1718 -0.8881 0.1452
0.2893 -0.7616 0.0664
0.3751 -0.6034 -0.0619
-0.2486 -0.9740 0.1415
-0.2938 -0.9605 0.2018
-0.3480 -0.9514 0.2893
-0.3797 -0.9424 0.2894
-0.3751 -0.9831 0.0735
-0.3751 -1.0147 0.1024
-0.3751 -1.0689 0.1173
-0.3706 -1.1141 0.1016
-0.3706 -1.1638 0.0713
-1.3876 -0.6712 -0.0058
-1.1616 -0.9966 0.0834
-0.7638 -1.0192 0.0888
-0.4023 -0.7571 0.0487
-0.5017 -0.2056 0.0764
-1.2520 -0.1514 0.0570
-0.4475 -0.6802 0.0574
-0.3525 -0.8068 0.0997
0.0542 -0.8565 0.0966
0.3435 -0.5085 0.0058
0.0723 -0.2282 0.0661
-0.4023 -0.2960 0.0849
-1.2249 -0.2825 -0.1399
-1.2203 -0.3254 0.0106
-0.6554 -0.2992 0.1013
-0.4881 -0.2861 0.1112
-0.1989 -0.2676 0.1024
0.4475 -0.2527 0.0080
0.4339 0.1288 -0.1486
-0.1040 -0.0211 -0.0193
-0.4701 -0.0379 0.0498
-0.6644 -0.0507 0.0609
-0.9040 -0.0695 0.0515
-1.2475 -0.0881 -0.0166
-0.9311 -0.0881 -0.1429
-0.7105 -0.0836 0.0396
-0.4520 -0.0836 0.0642
-0.3173 -0.0768 0.0391
0.0316 -0.0339 -0.1528
-0.3205 -0.0463 0.0391
-0.4520 -0.0520 0.0642
-0.7138 -0.0542 0.0396
