146.0000 381.0000 1.0000
147.0000 397.0000 1.0000
155.0000 418.0000 1.0000
168.0000 434.0000 1.0000
191.0000 453.0000 1.0000
209.0000 467.0000 1.0000
239.0000 476.0000 1.0000
274.0000 483.0000 1.0000
309.0000 486.0000 1.0000
334.0000 486.0000 1.0000
366.0000 482.0000 1.0000
387.0000 475.0000 1.0000
418.0000 463.0000 1.0000
445.0000 443.0000 1.0000
467.0000 422.0000 1.0000
486.0000 393.0000 1.0000
500.0000 366.0000 1.0000
43.0000 141.0000 1.0000
105.0000 124.0000 1.0000
153.0000 125.0000 1.0000
193.0000 139.0000 1.0000
223.0000 170.0000 1.0000
267.0000 174.0000 1.0000
327.0000 166.0000 1.0000
361.0000 177.0000 1.0000
387.0000 205.0000 1.0000
406.0000 240.0000 1.0000
268.0000 158.0000 1.0000
258.0000 161.0000 1.0000
246.0000 163.0000 1.0000
239.0000 165.0000 1.0000
240.0000 156.0000 1.0000
240.0000 149.0000 1.0000
240.0000 137.0000 1.0000
241.0000 127.0000 1.0000
241.0000 116.0000 1.0000
16.0000 225.0000 1.0000
66.0000 153.0000 1.0000
154.0000 148.0000 1.0000
234.0000 206.0000 1.0000
212.0000 328.0000 1.0000
46.0000 340.0000 1.0000
224.0000 223.0000 1.0000
245.0000 195.0000 1.0000
335.0000 184.0000 1.0000
399.0000 261.0000 1.0000
339.0000 323.0000 1.0000
234.0000 308.0000 1.0000
52.0000 311.0000 1.0000
53.0000 264.0000 1.0000
178.0000 271.0000 1.0000
215.0000 273.0000 1.0000
279.0000 278.0000 1.0000
422.0000 281.0000 1.0000
419.0000 402.0000 1.0000
300.0000 403.0000 1.0000
219.0000 399.0000 1.0000
176.0000 397.0000 1.0000
123.0000 392.0000 1.0000
47.0000 389.0000 1.0000
117.0000 354.0000 1.0000
167.0000 342.0000 1.0000
223.0000 341.0000 1.0000
254.0000 343.0000 1.0000
330.0000 366.0000 1.0000
251.0000 370.0000 1.0000
223.0000 369.0000 1.0000
164.0000 368.0000 1.0000
