n_points: 68
{
108.0830 330.3770
115.3680 359.8520
125.2460 387.4590
137.0390 413.9150
151.3820 439.2960
171.2380 462.1680
195.2880 481.8870
223.1680 497.8080
257.0000 504.0000
291.0000 491.0000
316.5540 462.6670
341.0080 437.2050
358.9290 409.9750
368.9760 381.5890
374.0500 353.3800
376.6520 325.5950
377.3450 296.0860
125.2320 322.3280
137.4630 298.4160
162.1600 286.5100
190.0580 285.8770
215.3810 294.3050
265.0080 290.8000
290.0230 277.3880
315.0530 269.2610
339.4890 269.7410
353.2260 287.1860
242.6440 308.5780
243.6740 332.5970
244.6550 356.5160
245.7840 380.7560
216.8190 381.6630
231.4880 387.7480
247.8260 392.2490
263.6040 384.6870
277.2480 377.1460
159.4680 327.2210
169.6380 315.8170
184.3580 311.4790
199.2680 317.4290
187.6380 324.0940
173.0890 328.7380
285.3710 310.6390
297.7380 302.2810
312.5140 303.7590
325.6390 311.4410
312.9090 315.4890
298.3810 314.6970
188.0860 412.4080
213.0000 413.0000
240.6780 407.1200
256.0000 411.0000
275.0000 401.0000
294.0000 403.0000
311.0000 395.0000
295.7610 423.3300
280.0000 442.0000
259.0000 445.0000
240.0000 446.0000
215.9110 434.3140
218.0000 421.0000
240.0000 419.0000
257.0000 418.0000
274.0000 416.0000
291.0000 412.0000
278.0000 424.0000
258.0000 430.0000
242.0000 430.0000
}
